9.55 44.050000
-54.283333 -36.500000
-49.35 70.216667
31.766666666666666 35.233333
60.116667 19.900000
-0.5477 166.920867
18.0731 -63.082200
-9.166667 -171.833333
27.153611 -13.203333
34.516666666666666 69.183333
41.31666666666667 19.816667
36.75 3.050000
-14.266666666666667 -170.700000
42.5 1.516667
-8.833333333333334 13.216667
18.216666666666665 -63.050000
17.116666666666667 -61.850000
-34.583333333333336 -58.666667
40.166666666666664 44.500000
12.516666666666667 -70.033333
-35.266666666666666 149.133333
48.2 16.366667
40.38333333333333 49.866667
25.083333333333332 -77.350000
26.233333333333334 50.566667
23.716666666666665 90.400000
13.1 -59.616667
53.9 27.566667
50.833333333333336 4.333333
17.25 -88.766667
6.483333333333333 2.616667
32.28333333333333 -64.783333
27.466666666666665 89.633333
-16.5 -68.150000
43.86666666666667 18.416667
-24.633333333333333 25.900000
-15.783333333333333 -47.916667
18.416666666666668 -64.616667
4.883333333333333 114.933333
42.68333333333333 23.316667
12.366666666666667 -1.516667
16.8 96.150000
-3.3666666666666667 29.350000
11.55 104.916667
3.8666666666666667 11.516667
45.416666666666664 -75.700000
14.916666666666666 -23.516667
19.3 -81.383333
4.366666666666666 18.583333
12.1 15.033333
-33.45 -70.666667
39.916666666666664 116.383333
-10.416666666666666 105.716667
-12.166666666666666 96.833333
4.6 -74.083333
-11.7 43.233333
-4.316666666666666 15.300000
-4.25 15.283333
-21.2 -159.766667
9.933333333333334 -84.083333
6.816666666666666 -5.266667
45.8 16.000000
23.116666666666667 -82.350000
12.1 -68.916667
35.166666666666664 33.366667
50.083333333333336 14.466667
55.666666666666664 12.583333
11.583333333333334 43.150000
15.3 -61.400000
18.466666666666665 -69.900000
-0.21666666666666667 -78.500000
30.05 31.250000
13.7 -89.200000
3.75 8.783333
15.333333333333334 38.933333
59.43333333333333 24.716667
9.033333333333333 38.700000
-51.7 -57.850000
62 -6.766667
-18.133333333333333 178.416667
60.166666666666664 24.933333
48.86666666666667 2.333333
-17.533333333333335 -149.566667
0.38333333333333336 9.450000
13.45 -16.566667
41.68333333333333 44.833333
52.516666666666666 13.400000
5.55 -0.216667
36.13333333333333 -5.350000
37.983333333333334 23.733333
64.18333333333334 -51.750000
12.05 -61.750000
13.466666666666667 144.733333
14.616666666666667 -90.516667
49.45 -2.533333
9.5 -13.700000
11.85 -15.583333
6.8 -58.150000
18.533333333333335 -72.333333
41.9 12.450000
14.1 -87.216667
47.5 19.083333
64.15 -21.950000
28.6 77.200000
-6.166666666666667 106.816667
35.7 51.416667
33.333333333333336 44.400000
53.31666666666667 -6.233333
54.15 -4.483333
31.766666666666666 35.233333
41.9 12.483333
18 -76.800000
35.68333333333333 139.750000
49.18333333333333 -2.100000
31.95 35.933333
51.166666666666664 71.416667
-1.2833333333333332 36.816667
-0.8833333333333333 169.533333
39.016666666666666 125.750000
37.55 126.983333
42.666666666666664 21.166667
29.366666666666667 47.966667
42.86666666666667 74.600000
17.966666666666665 102.600000
56.95 24.100000
33.86666666666667 35.500000
-29.316666666666666 27.483333
6.3 -10.800000
32.88333333333333 13.166667
47.13333333333333 9.516667
54.68333333333333 25.316667
49.6 6.116667
42 21.433333
-18.916666666666668 47.516667
-13.966666666666667 33.783333
3.1666666666666665 101.700000
4.166666666666667 73.500000
12.65 -8.000000
35.88333333333333 14.500000
7.1 171.383333
18.066666666666666 -15.966667
-20.15 57.483333
19.433333333333334 -99.133333
6.916666666666667 158.150000
47 28.850000
43.733333333333334 7.416667
47.916666666666664 106.916667
42.43333333333333 19.266667
16.7 -62.216667
34.016666666666666 -6.816667
-25.95 32.583333
-22.566666666666666 17.083333
27.716666666666665 85.316667
52.35 4.916667
-22.266666666666666 166.450000
-41.3 174.783333
12.133333333333333 -86.250000
13.516666666666667 2.116667
9.083333333333334 7.533333
-19.016666666666666 -169.916667
-29.05 167.966667
15.2 145.750000
59.916666666666664 10.750000
23.616666666666667 58.583333
33.68333333333333 73.050000
7.483333333333333 134.633333
8.966666666666667 -79.533333
-9.45 147.183333
-25.266666666666666 -57.666667
-12.05 -77.050000
14.6 120.966667
-25.066666666666666 -130.083333
52.25 21.000000
38.71666666666667 -9.133333
18.466666666666665 -66.116667
25.283333333333335 51.533333
44.43333333333333 26.100000
55.75 37.600000
-1.95 30.050000
17.883333333333333 -62.850000
-15.933333333333334 -5.716667
17.3 -62.716667
14 -61.000000
46.766666666666666 -56.183333
13.133333333333333 -61.216667
-13.816666666666666 -171.766667
43.93333333333333 12.416667
0.3333333333333333 6.733333
24.65 46.700000
14.733333333333333 -17.633333
44.833333333333336 20.500000
-4.616666666666667 55.450000
8.483333333333333 -13.233333
1.2833333333333332 103.850000
18.016666666666666 -63.033333
48.15 17.116667
46.05 14.516667
-9.433333333333334 159.950000
2.066666666666667 45.333333
-25.7 28.216667
4.85 31.616667
40.4 -3.683333
6.916666666666667 79.833333
15.6 32.533333
5.833333333333333 -55.166667
78.21666666666667 15.633333
-26.316666666666666 31.133333
59.333333333333336 18.050000
46.916666666666664 7.466667
33.5 36.300000
25.033333333333335 121.516667
38.55 68.766667
-6.8 39.283333
13.75 100.516667
-8.583333333333334 125.600000
6.116666666666666 1.216667
-21.133333333333333 -175.200000
10.65 -61.516667
36.8 10.183333
39.93333333333333 32.866667
37.95 58.383333
21.466666666666665 -71.133333
-8.516666666666667 179.216667
0.31666666666666665 32.550000
50.43333333333333 30.516667
24.466666666666665 54.366667
51.5 -0.083333
38.883333 -77.000000
-34.85 -56.166667
41.31666666666667 69.250000
-17.733333333333334 168.316667
10.483333333333333 -66.866667
21.033333333333335 105.850000
18.35 -64.933333
-13.95 -171.933333
15.35 44.200000
-15.416666666666666 28.283333
-17.816666666666666 31.033333
38.883333 -77.000000
0 0.000000
35.183333 33.366667
0 0.000000
0 0.000000
-7.3 72.400000
0 0.000000
